NONE    1391478
1912    2
1920    1
1967    1
1970    1
1972    2
1973    1
1979    3
1980    3
1981    2
1982    2
1983    1
1985    2
1986    5
1988    2
1989    7
1990    3
1991    2
1992    8
1993    4
1994    12
1995    14
1996    23
1997    25
1998    36
1999    74
2000    106
2001    175
2002    258
2003    463
2004    509
2005    3136
2006    350541
2007    360733
2008    364112
2009    360831
2010    364831
2011    364427
2012    377513
2013    385714
2014    393225
2015    382939
2016    3
2090    1